-0.96	0.38	9.74
0.11	-0.42	0.29
-2.31	-3.98	-3.94
-0.91	0.28	9.42
0.11	-0.43	0.29
-3.05	-1.84	-3.74
-0.82	0.21	9.51
0.11	-0.42	0.29
-6.3	-4.04	-6.02
-0.84	0.15	9.59
0.11	-0.42	0.29
1.65	-0.72	-6.52
-0.82	0.37	9.71
0.11	-0.42	0.29
-4.61	-5.78	-5.35
-0.88	0.32	9.6
0.11	-0.42	0.29
0.48	0.24	-6.05
-0.75	0.25	9.7
0.11	-0.43	0.29
-0.07	-1.13	-5.07
-0.6	0.19	9.63
0.11	-0.43	0.29
-1.1	-0.52	-5.2
-0.74	0.32	9.55
0.11	-0.43	0.29
-4.59	-5.49	-4.84
-0.81	0.26	9.44
0.11	-0.42	0.29
-2.63	-2.14	-6.64
-0.55	0.09	9.49
0.11	-0.42	0.29
-0.56	-0.6	-6.12
-0.65	0.16	9.56
0.11	-0.42	0.29
-1.66	-3.19	-6.8
-0.68	0.28	9.55
0.11	-0.43	0.29
-0.72	-1.78	-4.67
-0.63	0.19	9.45
0.1	-0.42	0.3
-0.22	2.16	-0.71
-0.61	0.12	9.52
0.1	-0.43	0.29
-0.08	-0.19	-7.11
-0.56	0.18	9.41
0.11	-0.42	0.29
2.3	4.28	-4.13
-0.55	0.11	9.75
0.11	-0.42	0.29
-5.46	-5.19	-5.55
-0.47	0.06	9.58
0.1	-0.42	0.3
0.8	2.28	-7.63
-0.4	-0.03	9.64
0.1	-0.42	0.3
-1.54	-1.03	-5.15
-0.51	0.17	9.53
0.11	-0.42	0.3
-1.47	-1.51	-6.31
-0.54	0.11	9.7
0.11	-0.42	0.29
-1.58	-1.36	-7.37
-0.57	0.12	9.59
0.11	-0.42	0.29
-2.96	-1.37	-4.15
-0.59	0.16	9.42
0.11	-0.42	0.29
4.76	5.04	-6.13
-1.68	1.35	9.91
0.12	-0.45	0.27
19.21	28.52	7.47
-4.72	7.09	5.59
0.18	-0.53	0.07
77.22	76.04	10.4
-6.89	4.41	3.09
0.22	-0.49	-0.03
-7.36	-13.27	-44.85
-8.03	6.28	2.54
0.21	-0.49	-0.05
-7.45	-0.53	-3.68
-7.98	6.41	2.86
0.21	-0.49	-0.05
-0.02	1.13	-6.25
-7.88	6.41	3.13
0.21	-0.49	-0.05
0.87	-3.4	-5.44
-8.02	6.31	2.86
0.2	-0.49	-0.05
1.59	-1.24	-5.32
-8.23	6.35	2.49
0.2	-0.49	-0.06
3.3	1.74	-1.76
-7.97	6.51	2.11
0.2	-0.49	-0.06
-0.61	1.21	-6.15
-8.01	6.55	2.56
0.2	-0.49	-0.06
-2.54	-1.23	-4.87
-8.05	6.47	2.37
0.2	-0.49	-0.06
-2.16	-0.4	-5.65
-8.12	6.48	2.27
0.2	-0.49	-0.06
-1.54	-0.02	-5.76
-7.88	6.73	2.11
0.2	-0.49	-0.07
3.79	-3.57	-3.21
-7.46	6.84	2.75
0.19	-0.49	-0.07
-13.88	-0.45	-4.69
-7.67	7.04	1.53
0.19	-0.48	-0.09
2.88	-5.47	-7.95
-7.66	7.11	1.69
0.19	-0.49	-0.08
-15.13	-10.47	-5.93
-7.74	6.91	2.4
0.19	-0.49	-0.07
-3.43	-2.34	-5.13
-7.55	6.99	2.45
0.19	-0.49	-0.07
-5.69	-23.07	-6.42
-7.75	6.93	2.3
0.19	-0.49	-0.07
3.5	1.49	-6.97
-7.85	6.93	2.06
0.19	-0.49	-0.07
-1.5	-4.73	-7.32
-7.87	6.68	1.99
0.19	-0.49	-0.07
0.68	6.12	-9.17
-7.95	6.91	1.63
0.18	-0.49	-0.08
-4.82	1.07	-3.78
-7.75	6.87	1.77
0.18	-0.49	-0.08
-3.91	-0.8	-5.68
-7.76	7.04	1.9
0.18	-0.49	-0.08
-3.26	-1.37	-3.96
-7.73	6.95	1.93
0.17	-0.49	-0.07
-6.54	5.1	-4.12
-7.8	6.9	1.56
0.16	-0.5	-0.08
-8.56	13.16	-1.92
-7.61	7.08	1.5
0.13	-0.52	-0.07
-15.54	25.06	3.19
-6.94	7.89	0.77
0.1	-0.53	-0.08
-9.85	9.22	-8.2
-8.88	7.29	1.39
0.12	-0.53	-0.06
-0.44	-9.34	-8.79
-7.86	5.84	1.35
0.11	-0.54	-0.07
-7.88	16.96	-8.78
-7.69	6.9	1.64
0.09	-0.54	-0.07
-5.94	-5.61	4.88
-6.07	6.92	0.77
0.09	-0.53	-0.07
-4.81	-10.87	-6.32
-9.62	6.14	1.35
0.18	-0.48	-0.09
60.56	-65.13	-23.16
-7.66	6.9	1.21
0.25	-0.42	-0.09
29.29	-31.74	-10.19
-6.99	6.66	0.67
0.26	-0.4	-0.09
21.74	-39.74	-10.46
-7.43	6.97	1.56
0.32	-0.35	-0.02
32.8	-39.77	-20.05
-7.89	6.58	0.75
0.33	-0.32	0.04
46.81	-17.25	-13.5
-8.57	7.6	1.56
0.34	-0.31	0.05
-12.83	-5.92	-6.11
-7.78	6.27	1.92
0.34	-0.31	0.04
-3.6	-6.91	-8.28
-7.8	6.8	1.78
0.34	-0.31	0.06
-2.97	-3.11	-3.75
-7.79	6.97	1.62
0.34	-0.31	0.05
-11.59	6.23	-5.31
-7.91	6.76	1.93
0.34	-0.31	0.05
-3.34	-6.42	-8.55
-7.89	6.74	2.3
0.34	-0.31	0.06
2.32	-8.01	-7.91
-7.9	6.65	2.14
0.34	-0.3	0.06
-3.02	0.11	-5.86
-7.76	6.84	2.36
0.34	-0.31	0.07
-1.83	-3.89	-4
-7.73	6.77	2.1
0.34	-0.31	0.07
-2.2	-2	-6.06
-7.92	6.65	2.17
0.34	-0.31	0.06
-3.98	2.45	-10.29
-7.88	6.5	2.33
0.34	-0.3	0.07
-1.47	-5.3	-7.92
-8.13	6.49	2.25
0.34	-0.29	0.07
0	-3.08	-9.42
-8.17	6.34	2.36
0.34	-0.29	0.07
-3.87	0.81	-6.19
-8.27	6.15	2.1
0.34	-0.29	0.06
-4.27	3.28	-4.73
-8.18	6.42	2.14
0.34	-0.3	0.05
-11.43	9.52	-1.47
-7.92	6.44	2.19
0.34	-0.3	0.04
-5.09	3.77	-3.49
-8.17	6.58	1.93
0.33	-0.31	0.03
-6.09	15.92	3.76
-8.13	7.04	2.24
0.33	-0.32	0.01
-5.93	-7.27	-7.34
-7.8	6.81	1.72
0.33	-0.32	0.02
5.02	0.46	-5.81
-7.94	6.27	2.02
0.33	-0.32	0.02
-2.21	-3.77	-7.04
-8.1	6.9	2.2
0.33	-0.31	0.02
-5.99	4.58	-2.23
-8.13	6.57	2.07
0.33	-0.31	0.02
-0.67	-4.09	-5.97
-7.98	6.64	2.11
0.33	-0.32	0.02
-1.61	-3.94	-4.51
-7.96	6.61	2.2
0.33	-0.32	0.02
-1.48	-1.63	-5.18
-7.96	6.55	2.12
0.33	-0.32	0.02
-3.31	-1.75	-5.81
-8.04	6.57	2.13
0.33	-0.32	0.02
-2.35	-1.23	-5.2
-7.98	6.54	2.23
0.33	-0.32	0.02
-0.52	1.81	-5.76
-7.93	6.66	1.72
0.33	-0.32	0.01
-0.14	-1.33	-2.07
-8.04	6.7	1.87
0.33	-0.32	0.01
0.76	-2.76	-9.26
-8.06	6.59	1.9
0.33	-0.32	0.02
-2.79	-2.48	-9.06
-8.02	6.62	2.14
0.33	-0.32	0.02
-3.9	-2.44	-4.89
-7.99	6.57	2.21
0.33	-0.32	0.02
-3.24	-2.63	-5.74
-8.02	6.58	2.13
0.33	-0.31	0.02
0.39	-2.24	-6.62
-7.75	6.99	1.94
0.33	-0.32	0.02
0.06	0.26	1.78
-7.73	6.94	1.83
0.33	-0.33	0.02
1.97	-2.89	-4.26
-7.85	6.81	1.92
0.33	-0.33	0.02
-4.59	-2.63	-8.24
-7.94	6.79	2.17
0.33	-0.32	0.02
-4.74	-4.8	-6.28
-8	6.64	1.97
0.33	-0.32	0.02
-1.67	-1.59	-7.94
-7.87	6.57	2.18
0.33	-0.32	0.02
-3.4	1.05	-5.96
-8.08	6.61	1.91
0.33	-0.32	0.02
0.49	-2.98	-5.99
-7.94	6.64	2.18
0.33	-0.32	0.02
-0.74	-1.58	-6.34
-7.94	6.6	2.05
0.33	-0.32	0.02
-4.76	0.63	-4.87
-8.05	6.55	2.05
0.33	-0.32	0.02
-3.42	-1.79	-5.2
-8	6.52	2.18
0.33	-0.32	0.02
-2.56	-0.22	-5.78
-8.06	6.55	2.18
0.33	-0.32	0.02
-0.74	-1.23	-5.73
-7.91	6.73	1.93
0.33	-0.32	0.02
-3.23	-2.91	-5.01
-7.96	6.62	1.97
0.33	-0.32	0.02
-3.02	-3.04	-4.48
-8.02	6.58	2.29
0.33	-0.32	0.02
-2.52	-2.35	-5.78
-7.92	6.58	2.16
0.33	-0.32	0.02
-1.48	-1.86	-5.28
-8.06	6.67	2.19
0.33	-0.32	0.02
-1.14	-0.49	-6.06
-7.99	6.64	2.25
0.33	-0.32	0.02
-0.62	-2.4	-4.28
-8.04	6.62	2.23
0.33	-0.32	0.02
-2.4	-1.21	-5.23
-7.97	6.6	2.16
0.33	-0.32	0.02
-2.31	-2.35	-5.69
-7.95	6.68	2.23
0.33	-0.32	0.02
-1.04	-2.45	-5.92
-7.92	6.56	2.19
0.33	-0.31	0.02
-2.36	1.39	-6.07
-8.09	6.57	2.26
0.33	-0.31	0.02
-1.37	-2.04	-4.52
-8.02	6.59	2.06
0.33	-0.31	0.02
-2.67	-1.37	-5.45
-8.02	6.65	2.1
0.33	-0.31	0.02
-2.62	-1.48	-5.44
-8.09	6.57	2.13
0.33	-0.32	0.02
-1.58	-1.86	-5.49
-8.05	6.58	2.16
0.33	-0.32	0.02
-3.68	-0.05	-5.83
-7.98	6.68	2.16
0.33	-0.32	0.01
-0.08	-1.97	-5.16
-8.07	6.55	2.05
0.33	-0.31	0.02
-1.53	-0.27	-5.92
-8.06	6.5	2.02
0.33	-0.32	0.02
-2.02	-1.99	-5.09
-8.07	6.58	2.01
0.33	-0.31	0.02
-1.01	-1.5	-5.76
-8.07	6.58	2.14
0.33	-0.31	0.02
-3.73	-2.23	-6.26
-8	6.63	2.35
0.33	-0.32	0.02
-2.68	-1.81	-4.91
-8.26	6.44	1.82
0.33	-0.31	0.02
4.58	-4.17	-10.32
-8.1	6.66	1.72
0.33	-0.31	0.02
4.69	-0.83	-4.38
-8.63	6.66	1.67
0.33	-0.3	0.01
2.36	-2.5	-13.22
-8.09	6.34	1.97
0.34	-0.29	0.03
-22.46	-6.66	-2.45
-8.58	5.9	2.42
0.33	-0.3	0.02
-23.64	6.97	-2.26
-8.07	6.17	2.44
0.33	-0.31	0.01
0.35	-2.63	-3.51
-8.3	6.22	2.5
0.33	-0.31	0.01
-3.76	0.45	-5.23
-8.09	6.26	2.71
0.33	-0.31	0.02
-5.74	-1.86	-5.31
-8.22	6.12	2.39
0.33	-0.32	0.01
-0.3	-2.38	-3.1
-8.08	6.28	2.46
0.33	-0.32	0.01
-2.8	-0.39	-4.21
-8.14	6.29	2.35
0.33	-0.32	0.01
-0.45	-0.08	-7.55
-8.12	6.4	2.37
0.33	-0.32	0
-6.91	3.83	-2.78
-8.18	6.46	1.93
0.32	-0.32	0
4.02	0.93	-3.75
-8.27	6.54	1.61
0.32	-0.32	-0.01
9.61	0.08	-9.35
-8.5	6.73	1.21
0.32	-0.32	-0.01
-5.18	4.16	5.38
-7.65	7.02	1.74
0.32	-0.34	-0.02
-15.03	-1.06	-1.15
-7.87	7.23	1.52
0.32	-0.34	-0.01
15.09	-17.7	-4.38
-7.89	6.93	1.49
0.33	-0.33	0
-2.66	-5.36	-9.14
-8.05	6.79	1.57
0.33	-0.33	0
-3.33	1.92	-3.69
-7.96	6.93	1.41
0.33	-0.33	-0.01
-0.9	0.25	-5.01
-7.87	6.98	1.38
0.33	-0.33	0
-1.75	-0.56	-5.39
-7.94	7	1.24
0.33	-0.33	-0.01
2.05	-0.71	-7.27
-8.07	6.83	1.29
0.33	-0.32	0
-1.18	-8.11	-9.09
-8.1	6.71	1.31
0.33	-0.32	0
3.87	1.89	-6.56
-7.9	6.27	0.29
0.33	-0.31	-0.01
16.4	7.88	-7.45
-8.08	7.09	-0.4
0.32	-0.3	-0.03
16.14	-2.41	-11.41
-7.84	6.26	-1.73
0.32	-0.3	-0.04
3.36	-5.43	-0.4
-10.75	9.1	-0.69
0.32	-0.32	-0.01
-10.67	-9.73	-6.07
-8.45	6.39	0
0.33	-0.31	-0.01
-14.17	-0.16	-10.46
-8.83	5.94	0.82
0.33	-0.32	0.01
-10.19	-5.28	-10.66
-8.68	6.04	0.56
0.33	-0.31	0.01
4.93	-9	-5.71
-8.44	6.27	0.49
0.33	-0.32	0.02
-4.19	-6.4	-3.35
-8.56	6.37	0.88
0.33	-0.32	0.02
-1.25	-1.39	-5.6
-8.56	6.39	0.59
0.33	-0.32	0.02
-0.48	-0.85	-6.04
-8.52	6.48	0.84
0.33	-0.32	0.02
-2.05	-2.51	-4.68
-8.42	6.44	0.96
0.33	-0.32	0.03
-6.12	-3.1	-5.75
-8.45	6.53	0.92
0.33	-0.32	0.03
-1.75	-1.71	-9.33
-8.68	6.25	0.96
0.33	-0.31	0.03
-2	-0.56	-4.59
-8.55	6.25	0.7
0.33	-0.31	0.03
-0.35	-2.07	-5.15
-8.67	6.29	1.08
0.33	-0.32	0.02
-2.66	-2.01	-5.67
-8.62	6.46	0.96
0.33	-0.31	0.02
-3.81	-2.7	-7.85
-8.69	6.11	1.21
0.33	-0.31	0.03
-1.86	-3.47	-5.43
-8.58	6.35	1.05
0.33	-0.32	0.03
-1.26	-0.76	-4.69
-8.58	6.21	1.01
0.33	-0.32	0.03
-3.55	-1.18	-5.84
-8.5	6.32	0.89
0.33	-0.32	0.03
-1.12	-2.38	-5.47
-8.51	6.31	0.9
0.33	-0.32	0.03
0.05	-1.01	-5.73
-8.73	6.32	0.81
0.33	-0.32	0.03
-1.65	-0.88	-6.15
-8.66	6.25	0.96
0.33	-0.32	0.03
-1.12	-0.95	-5.3
-8.57	6.34	0.8
0.33	-0.31	0.02
-0.45	-1.38	-6.04
-8.62	6.37	0.21
0.33	-0.31	0.02
0.25	0.27	-5.8
-8.59	6.26	0.72
0.33	-0.31	0.01
2.39	3.44	-7.39
-8.45	6.05	0.47
0.33	-0.3	-0.01
14.51	19.87	-13.94
-8.67	6.62	-2.64
0.31	-0.3	-0.05
-0.84	-7.19	4.63
-7.89	6.39	-1.52
0.31	-0.31	-0.05
0.6	-3.13	-3.93
-8.04	6.74	-0.95
0.31	-0.31	-0.04
-17.69	-12.51	-0.01
-7.08	6.6	0.46
0.32	-0.33	-0.02
-26.41	-12.53	-0.17
-7.82	6.77	1.27
0.32	-0.33	-0.01
-11.46	0.36	-2.56
-7.76	6.95	1.72
0.32	-0.33	0
-4.87	-6.19	-8.93
-8.36	6.78	1.52
0.33	-0.32	0
10.6	-0.45	-15.9
-7.99	6.8	1.78
0.33	-0.32	0.01
1.22	2.88	-2.24
-8.02	6.61	1.56
0.33	-0.33	0
-10.39	-2.62	-2.3
-7.97	6.79	1.63
0.32	-0.33	0
-5.25	-0.8	-5.94
-7.66	6.81	1.74
0.32	-0.34	0
0.97	-0.01	-3.77
-7.99	6.78	1.95
0.32	-0.33	0
-1.15	-3.68	-10.41
-8	6.83	2.11
0.32	-0.33	0.01
-1.56	-0.5	-4.76
-7.83	6.78	1.66
0.32	-0.34	0.01
0.38	-2.61	-3.46
-7.84	6.89	1.77
0.32	-0.34	0
-2.99	0.6	-6.04
-7.72	6.94	1.64
0.32	-0.34	0
-0.18	-2.56	-5.71
-7.78	6.77	1.8
0.32	-0.34	0
-4.32	-0.68	-6.34
-7.78	6.93	1.71
0.32	-0.34	0
-2.87	0.8	-4.18
-7.76	6.94	1.75
0.32	-0.34	0
-2.73	-2.51	-6.01
-7.71	7.03	1.94
0.32	-0.34	0
-2.98	-1.09	-6.34
-7.78	6.88	1.81
0.32	-0.34	0
-2.37	-0.44	-5.54
-7.77	6.85	1.95
0.32	-0.34	0
-2.82	-0.06	-5.99
-7.85	6.88	1.81
0.32	-0.34	0
-1.07	-0.09	-5.71
-7.78	6.99	1.72
0.32	-0.34	0
0.17	0.36	-4.24
-7.77	6.91	1.8
0.32	-0.34	0
-4.99	-6.17	-5.52
-7.86	6.99	1.69
0.32	-0.34	0
-0.29	-1.58	-3.89
-7.73	6.93	1.95
0.32	-0.34	0
0	-2.74	-7.66
-7.96	6.86	1.73
0.32	-0.34	0
-0.79	-0.59	-6.84
-7.86	6.88	1.79
0.32	-0.34	0
-2.57	0.44	-5.78
-7.96	6.91	1.72
0.32	-0.33	0
-4.3	-1.66	-5.3
-7.86	6.89	1.82
0.32	-0.34	0
0.33	-2.28	-5.5
-7.93	6.83	1.83
0.32	-0.34	0
-3.99	0.71	-5.74
-7.92	6.81	1.43
0.32	-0.34	-0.02
-8.51	10.02	-5.82
-8.1	6.59	0.95
0.31	-0.33	-0.04
5.43	13.06	-8.67
-8.13	5.25	-0.43
0.28	-0.34	-0.09
-51.7	61.88	-5.66
-8.58	6.97	-1.64
0.21	-0.37	-0.15
-12.85	33.93	-17.15
-9.79	4.73	-2.29
0.21	-0.37	-0.16
-7.16	22.21	-32
-9.33	6.66	-2.78
0.21	-0.4	-0.14
-25.78	-16.53	-1.98
-8.33	4.86	-0.86
0.21	-0.44	-0.1
-9.77	4.95	-16.16
-8.44	6.92	0.19
0.21	-0.46	-0.09
-3.9	-10.83	6.67
-7.8	6.74	1.13
0.21	-0.47	-0.07
-4.32	-5.69	-4.8
-7.08	7.17	1.09
0.2	-0.48	-0.07
-12.07	-1.91	7.45
-8.24	6.57	0.35
0.2	-0.48	-0.07
16.95	-10.21	-12.07
-8.48	6.49	0.85
0.2	-0.48	-0.06
-1.14	2.75	4.62
-7.6	6.79	0.64
0.21	-0.48	-0.07
25.24	-15.61	-3.68
-7.27	7.9	0.23
0.18	-0.47	-0.09
2.16	11.19	18.82
-6.25	8.73	-0.91
0.11	-0.49	-0.12
4.77	23.39	2.43
-5.36	8.4	-2.17
0.07	-0.48	-0.14
-0.11	30.24	-9.51
-6.72	8.01	-4.67
0.09	-0.45	-0.15
18.72	-32.83	-18.17
-4.39	4.47	-2.51
0.12	-0.44	-0.13
8.28	-20.68	-9.89
-8.33	4.6	-6.58
0.05	-0.42	-0.2
-26.76	77.58	-9.82
-8.99	9.9	-4.38
0.06	-0.49	-0.16
-66.62	27.91	-50.44
-6.61	6.11	0.62
0.03	-0.55	-0.06
-36.04	-46.35	35.66
-1.17	11.9	0.87
-0.08	-0.54	-0.06
-6.6	-10.33	53.22
2.26	5.02	3.12
-0.19	-0.48	-0.04
-35.23	23.76	138.42
2.93	7.75	1.52
-0.2	-0.44	-0.07
-18.5	-23.87	10.09
2.23	9.31	-1.84
-0.18	-0.42	-0.12
-18.07	15.61	-2.89
3.06	8.95	2.18
-0.21	-0.45	-0.02
-50.3	30.48	-2.76
2.12	7.44	4.91
-0.22	-0.46	0.06
-10.92	2.78	1.72
3.01	8.13	3.96
-0.22	-0.46	0.03
6.88	-7.65	-3.8
2.38	8.09	3.59
-0.22	-0.45	0.01
9.49	2.54	-3.06
2.97	8.28	2.52
-0.22	-0.45	0.01
-9.68	-2.25	0.44
2.66	8.15	3.36
-0.23	-0.45	0.02
-5.58	-4.24	-4.52
2.91	7.95	3.39
-0.23	-0.45	0.03
-2.15	-2.13	-5.84
3.15	8.04	3.36
-0.23	-0.45	0.03
-1.86	-2.35	-3.97
2.98	8.08	3.46
-0.23	-0.45	0.03
-4.28	-1.37	-5.55
3	8	3.64
-0.23	-0.45	0.03
-2.32	-3.73	-5.85
3.14	7.9	3.63
-0.23	-0.45	0.03
-0.69	-0.63	-4.4
3.2	7.9	3.44
-0.23	-0.44	0.03
-0.52	-2.8	-5.35
3.12	7.8	3.51
-0.23	-0.45	0.03
-1.72	-0.52	-6.93
3.09	7.92	3.52
-0.23	-0.45	0.03
-2.11	-1.47	-5.94
3.17	7.98	3.5
-0.23	-0.44	0.03
-1.66	-1.46	-5.91
3.15	7.9	3.67
-0.23	-0.45	0.03
-1.54	-1.37	-6.12
3.27	7.86	3.72
-0.23	-0.45	0.03
-3.11	-1.26	-5.86
3.12	7.84	3.63
-0.23	-0.45	0.03
-3.4	-2.36	-5.12
3.18	7.75	3.68
-0.24	-0.44	0.03
-0.17	-2.42	-5.95
3.64	7.52	3.4
-0.24	-0.44	0.01
3.01	-10.27	0.85
3.88	8.15	2.74
-0.24	-0.43	0
2.56	-4.31	-5.19
3.93	7.93	2.23
-0.24	-0.42	-0.02
0.97	-5.11	-5.66
3.97	7.73	2.88
-0.24	-0.42	-0.01
-10.75	1.85	-7.32
4.86	8.6	2.17
-0.24	-0.43	0
-17.59	-18.03	7.39
0.35	2.74	8.7
-0.18	-0.44	0.22
-65.69	51.7	-53.28
0.02	0.51	9.59
-0.16	-0.36	0.31
-4.37	-10.37	-15.84
0.8	1.23	9.24
-0.16	-0.34	0.31
-5.02	-8.3	39.65
0.25	0.25	9.35
-0.16	-0.33	0.3
-0.54	0.37	-14.31
0.38	0.42	9.33
-0.17	-0.33	0.3
-6.32	-2.91	-5.41
1	-0.22	9.49
-0.17	-0.32	0.3
-2.84	-4.1	0.45
0.73	0.09	9.37
-0.17	-0.32	0.3
-1.59	-1.04	-7.99
0.72	0.07	9.41
-0.17	-0.32	0.31
-2.98	2.23	-8.91
0.63	0.16	9.46
-0.17	-0.32	0.31
-2.34	-2.16	-8.23
0.86	-0.4	9.17
-0.17	-0.31	0.31
-5.97	-3.54	-7.16
0.98	-0.51	9.43
-0.17	-0.31	0.31
-1.92	-1.68	-3.77
0.83	-0.43	9.36
-0.18	-0.31	0.31
-1.64	-1.07	-7.24
0.95	-0.43	9.21
-0.18	-0.31	0.31
-4.73	-5.67	-6.38
1.07	-0.6	9.44
-0.18	-0.3	0.3
-0.15	2.28	-6.09
1.14	-0.75	9.36
-0.17	-0.31	0.31
-2.49	-3.96	-3.5
0.89	-0.36	9.38
-0.17	-0.31	0.31
-2.44	-1.79	-5.71
0.84	-0.38	9.59
-0.17	-0.31	0.31
-0.54	-1.78	-5.73
0.82	-0.32	9.33
-0.17	-0.31	0.31
-0.79	-1.6	-9.84
0.8	-0.49	9.53
-0.18	-0.31	0.31
-3.11	-0.48	-6.08
0.88	-0.36	9.5
-0.17	-0.31	0.31
-2.5	-0.19	-4.81
0.82	-0.4	9.3
-0.17	-0.31	0.31
-2	-1.17	-5.98
0.86	-0.31	9.47
-0.17	-0.31	0.31
-1.01	-2.14	-5.89
0.9	-0.49	9.32
-0.18	-0.31	0.31
-2.66	-2.15	-5.31
0.94	-0.49	9.4
-0.17	-0.31	0.31
-2.16	0.33	-5.04
0.83	-0.23	9.42
-0.17	-0.31	0.31
-0.62	-2.27	-5.19
0.83	-0.27	9.35
-0.17	-0.32	0.31
-1.63	-1.73	-5.9
0.82	-0.22	9.52
-0.17	-0.32	0.31
-1.66	-0.52	-5.69
0.96	-0.08	9.16
-0.17	-0.32	0.31
-1.31	-2.63	-5.85
0.7	0.22	9.38
-0.17	-0.33	0.31
-0.09	-0.45	-3.57
0.47	0.06	9.49
-0.16	-0.33	0.31
-2.2	0.66	0.16
0.44	-0.14	9.51
-0.16	-0.32	0.31
2.52	-1.62	3.08
1.31	2.8	9.14
-0.16	-0.32	0.31
-17.47	28.1	-45.47
-0.65	-4.16	10.58
-0.12	-0.25	0.35
-138.43	104.44	52.15
-5.14	-3.97	7.01
0.03	-0.17	0.36
39.69	19.82	-42.98
-4.48	-6.78	6.23
0.05	-0.13	0.35
-10.15	-6.41	4.65
-4.2	-5.13	7.08
0.04	-0.14	0.35
-13.61	-6.8	-11.17
-3.88	-6.27	6.93
0.03	-0.12	0.35
-12.36	-1.59	-7.09
-4.62	-6.07	6.32
0.04	-0.12	0.35
0.66	-1.07	-4.35
-4.33	-6.09	6.44
0.04	-0.12	0.35
0.88	2.39	-8.03
-4.2	-6	7.25
0.05	-0.13	0.35
-4.41	-7.58	-5.88
-4.64	-5.93	6.62
0.05	-0.13	0.35
1.04	-2.29	-5.61
-4.6	-5.8	6.71
0.04	-0.14	0.35
0.31	-1.07	-6.01
-4.57	-6	6.84
0.04	-0.13	0.35
-4.3	-1.87	-6.34
-4.67	-5.57	6.4
0.04	-0.13	0.35
-2.11	-5.33	-4.41
-4.61	-5.81	6.52
0.04	-0.13	0.35
-5.19	-5.69	-6.73
-4.59	-6.02	6.62
0.04	-0.13	0.35
-5.11	2.14	-6.1
-4.32	-6.11	6.56
0.04	-0.12	0.35
-0.06	-2.79	-6.22
-4.4	-6.15	6.41
0.04	-0.12	0.35
-1.82	-1.36	-6.16
-4.36	-6.2	6.58
0.04	-0.12	0.35
0.51	-1.71	-6.61
-4.07	-6.1	6.91
0.04	-0.14	0.35
8.54	-6.58	-6.35
-4.6	-5.68	7.24
0.03	-0.15	0.36
-7.13	-4.86	-11.68
-1.65	-5.46	6.58
-0.04	-0.19	0.36
70.57	-33.66	6.91
-0.04	3.1	7.85
-0.09	-0.44	0.28
118.08	11.57	-13.43
-5.12	4.35	6.87
0	-0.52	0.22
25.83	96.91	-44.42
-8.39	5.67	2.42
0.1	-0.56	0.11
68.48	23.45	-17.43
-8.84	6.24	-0.59
0.13	-0.54	-0.02
71.35	12.99	-40.42
-12.12	7.39	-2.83
0.16	-0.49	-0.1
94.38	-36.34	52.07
-2.86	7.85	-3.54
-0.01	-0.46	-0.18
98.88	48.48	53.15
-0.63	7.33	-4.89
-0.1	-0.39	-0.21
19.27	15.7	-54.02
-6.31	3.38	-4.23
0.1	-0.38	-0.2
-46.64	-115.7	-92.94
-10	2	-4.05
0.19	-0.32	-0.18
29.52	-52.9	11.94
-17.06	7.76	5.17
0.27	-0.39	-0.1
-82.19	-34.86	3.71
-10.15	7.64	0.27
0.21	-0.46	-0.12
-40.71	8.51	-22.48
-8.47	6.52	0.58
0.22	-0.47	-0.09
-3.72	0.31	-18.09
-8.97	5.47	0.88
0.23	-0.46	-0.09
6.9	4.25	0.09
-9.1	5.85	1.11
0.23	-0.46	-0.1
-4.68	-5.17	-5.59
-8.98	5.78	1.03
0.23	-0.46	-0.1
1.21	1.88	-9.41
-9.27	5.69	-0.04
0.25	-0.41	-0.13
32.98	-48.55	-7.07
-9.19	5.43	0.33
0.28	-0.39	-0.1
-17.06	-6.41	0.87
-9.15	6.06	-0.05
0.23	-0.43	-0.12
-23.85	33.85	-4.03
-9.17	5.67	0.32
0.22	-0.45	-0.12
-6.25	-0.68	-7.54
-9.04	5.97	0.25
0.23	-0.44	-0.12
9	-5.44	-7.63
-9.11	5.69	0.72
0.23	-0.44	-0.12
-9.95	-6.87	-5.32
-8.91	5.7	0.18
0.22	-0.45	-0.12
-5.8	3.19	-5.92
-9.01	5.7	-0.08
0.21	-0.45	-0.13
-2.58	28.09	-4.47
-9.67	6.93	-3.84
0.12	-0.45	-0.18
-9.93	29.43	-3.05
-8.17	5.88	-1.99
0.13	-0.46	-0.17
-1.23	3.99	-9.63
-8.95	6.17	-4.16
0.1	-0.45	-0.18
-3.12	14.39	-14.45
-3.69	2.58	-3.9
0.03	-0.43	-0.21
42.72	104.66	17.46
-3.45	4.01	-10.75
-0.11	-0.33	-0.22
-3.75	13.52	16.56
-2.4	3.31	-9.46
-0.12	-0.3	-0.22
0.15	2.42	-2.56
-2.6	2.89	-10.16
-0.12	-0.3	-0.22
-1.48	0.52	-6.34
-2.45	3.13	-9.7
-0.12	-0.3	-0.22
1.04	-0.35	-7.08
-2.39	2.63	-10.15
-0.13	-0.3	-0.22
14.67	-2.76	-6.48
-1.91	2.71	-9.76
-0.13	-0.29	-0.21
-0.91	-1.47	-3.95
-1.89	2.63	-9.7
-0.13	-0.29	-0.22
-0.6	-1.44	-4.99
-1.87	2.68	-9.76
-0.13	-0.29	-0.22
-2.19	0.52	-9.24
-1.81	2.49	-9.94
-0.14	-0.29	-0.22
-0.8	2.36	-10
-1.8	2.47	-9.91
-0.14	-0.29	-0.21
-1.45	-1.05	-4.94
-1.83	2.5	-9.84
-0.14	-0.29	-0.22
-2.73	0.68	-5.53
-1.55	2.29	-9.78
-0.14	-0.28	-0.21
-4.18	1.65	-1.66
-1.63	2.01	-9.95
-0.14	-0.28	-0.21
1.43	-5.46	-8.28
-1.57	2.2	-10.28
-0.14	-0.28	-0.22
-2.99	-9.68	-3.48
-3.35	3.84	-8.75
-0.1	-0.3	-0.23
-43.06	-49.89	-16.65
-11.38	7.07	-1.14
0.08	-0.54	-0.04
-236.3	-32.35	-129.69
-4.2	3.86	14.84
0.16	-0.51	0.15
145.72	138.71	-54.3
-2	-5.1	-8.46
0.02	-0.36	-0.24
48.52	-19.18	-78.22
-4.4	5.51	-6.06
-0.04	-0.32	-0.13
9.71	15.93	43.95
0.69	0.03	-6.99
-0.17	-0.32	-0.21
-36.81	25.38	-54.62
2.1	1.18	-7.83
-0.15	-0.34	-0.2
1.64	-22.65	-20.34
2.07	1.09	-10.08
-0.14	-0.34	-0.19
4.17	-3.27	-6.17
1.47	1.33	-9.84
-0.14	-0.34	-0.19
1.27	-9.17	-2.19
1.3	1.18	-9.62
-0.14	-0.34	-0.2
-2.7	-4.6	-7.8
2.01	2.79	-8.91
-0.14	-0.37	-0.13
-37.39	23.24	-20.75
2.62	3.98	-8.51
-0.14	-0.38	-0.11
14.58	-13.73	-11.89
2.06	3.62	-8.95
-0.15	-0.38	-0.1
-3.1	-0.95	-5.9
2.18	3.91	-8.52
-0.15	-0.38	-0.11
2.56	-4.02	-7.38
2.21	3.63	-8.59
-0.15	-0.38	-0.11
-2.91	0.61	-6.74
2.19	3.72	-8.91
-0.14	-0.38	-0.11
-2.3	-1.09	-6.17
2.19	3.86	-8.7
-0.14	-0.39	-0.11
-0.44	-3.11	-7.08
2.21	4.05	-8.65
-0.14	-0.39	-0.09
-5.4	-1.86	-9.61
2.08	4.19	-8.66
-0.15	-0.4	-0.09
-3.07	-0.71	-4.38
2.03	4.22	-8.83
-0.14	-0.39	-0.1
-0.51	-1.93	-4.87
2.01	4.04	-8.81
-0.14	-0.39	-0.1
1.35	-3.11	-5.88
2.09	3.83	-8.56
-0.14	-0.39	-0.11
-0.42	1.86	-5.51
2	3.8	-8.75
-0.14	-0.39	-0.11
-1.43	-1.75	-8.16
1.99	3.75	-8.96
-0.13	-0.39	-0.11
-1.19	-1.29	-6.2
2.05	3.69	-8.73
-0.13	-0.39	-0.11
-2.05	-0.81	-5.45
1.99	3.54	-9.23
-0.13	-0.39	-0.12
2.28	-2.87	-5.14
1.64	3.4	-9.45
-0.12	-0.38	-0.13
9.15	-13.74	-12.69
0.91	2.86	-9.85
-0.1	-0.37	-0.14
8.64	-0.11	7.32
0.61	1.98	-9.82
-0.11	-0.36	-0.16
4.05	-4.79	-2.25
0.84	1.64	-10.12
-0.11	-0.35	-0.16
7.39	0.16	2.49
0.62	0.6	-8.72
-0.12	-0.35	-0.17
7.98	-0.02	-0.42
0.82	0.88	-9.55
-0.12	-0.34	-0.18
0.34	-2.6	-4.05
0.82	0.46	-9.39
-0.12	-0.34	-0.18
3.4	-2.64	-7.91
1.31	0.6	-10.06
-0.12	-0.34	-0.18
0.38	-4.48	-1.56
0.68	0.35	-9.82
-0.12	-0.34	-0.19
1.23	-4.48	-10.54
0.41	-0.15	-9.77
-0.11	-0.34	-0.19
2.15	-1.31	-18.1
0.4	0.44	-8.55
-0.11	-0.34	-0.18
0.86	-11.27	-12.24
1.14	0.91	-9.64
-0.11	-0.35	-0.18
-5.58	3.64	-11.83
1.18	1.66	-9.54
-0.11	-0.36	-0.16
-29.13	1.29	0.53
1.42	2.34	-9.73
-0.12	-0.37	-0.14
-3.75	3.11	-13.13
1.53	2.46	-9.54
-0.12	-0.37	-0.14
0.81	-1.32	-6.42
1.43	2.31	-9.57
-0.12	-0.37	-0.14
-1.41	-0.74	-5.01
1.47	2.42	-9.5
-0.12	-0.37	-0.14
-5.86	-1.16	-8.34
1.46	2.43	-9.38
-0.12	-0.37	-0.14
-1.19	-0.72	-4.87
1.49	2.39	-9.49
-0.12	-0.37	-0.14
-5.37	-4.17	-9.84
1.53	2.76	-9.86
-0.11	-0.38	-0.14
-3.07	-1.37	-8.09
1.38	2.61	-9.19
-0.11	-0.38	-0.14
-1.16	-2.76	-8.44
1.36	2.44	-9.35
-0.11	-0.38	-0.14
0.49	0.5	-4.33
1.34	2.68	-9.39
-0.11	-0.37	-0.14
-1.67	-2.62	-6.78
1.37	2.49	-9.61
-0.12	-0.38	-0.14
-2.24	-2.14	-5.46
1.45	2.65	-9.55
-0.11	-0.38	-0.14
-2	-1.67	-6.08
1.29	2.39	-9.32
-0.11	-0.37	-0.15
-0.71	-2.24	-8.25
1.29	2.58	-9.54
-0.11	-0.38	-0.15
-1.58	-3.55	-5.62
1.49	2.51	-9.56
-0.11	-0.37	-0.15
-0.03	2.03	-6.35
1.5	2.45	-9.53
-0.12	-0.37	-0.15
-1.97	-1.28	-4.45
1.5	2.35	-9.63
-0.11	-0.37	-0.15
-1.86	0.13	-6.82
1.58	2.42	-9.48
-0.12	-0.37	-0.15
-2.25	-1.63	-6.81
1.63	2.5	-9.69
-0.12	-0.38	-0.14
-4.13	-0.41	-6.84
1.53	2.47	-9.72
-0.12	-0.38	-0.14
-2.48	-0.6	-4.72
1.63	2.51	-9.39
-0.12	-0.38	-0.15
-0.65	-2.78	-6.29
1.66	2.53	-9.33
-0.12	-0.38	-0.15
-1.29	-3.01	-6.2
1.78	2.61	-9.3
-0.12	-0.38	-0.14
-6.52	-0.6	-5.84
1.57	2.76	-9.26
-0.12	-0.38	-0.13
-0.77	-1.33	-5.03
1.45	2.8	-9.13
-0.11	-0.38	-0.14
-0.18	-1.97	-3.7
1.41	2.76	-9.53
-0.12	-0.38	-0.14
-0.95	-3.07	-5.92
1.43	2.65	-9.53
-0.12	-0.38	-0.14
-1.41	1.29	-5.99
1.57	2.66	-9.59
-0.12	-0.38	-0.14
0.9	-1.7	-5.92
1.76	2.66	-9.45
-0.12	-0.38	-0.14
-2.13	-0.39	-6.34
1.65	2.61	-9.74
-0.12	-0.38	-0.14
-2.94	-0.15	-6.98
1.66	2.59	-9.37
-0.12	-0.38	-0.14
-1.22	-3.52	-6.53
1.62	2.65	-9.71
-0.11	-0.38	-0.14
-2.14	-1.3	-4.82
1.47	2.67	-9.42
-0.12	-0.38	-0.14
-3.06	-0.55	-5.25
1.72	2.64	-9.55
-0.12	-0.38	-0.14
-1.6	-0.39	-6.43
1.77	2.64	-9.75
-0.12	-0.38	-0.14
-3.66	1.95	-6.92
1.61	2.57	-9.56
-0.12	-0.38	-0.14
-2.74	-1.44	-4.91
1.73	2.6	-9.36
-0.12	-0.38	-0.14
-0.59	-2.72	-6.71
1.76	2.71	-9.58
-0.12	-0.38	-0.14
-2.38	0.35	-5.01
1.86	2.58	-9.38
-0.12	-0.38	-0.14
-3.56	-3.45	-
1.14	-3.67	-9.29
1.14	-3.67	-9.29
-0.14	-0.22	-0.23
-1.17	-1.69	-6.33
1.12	-3.51	-9.28
-0.14	-0.22	-0.23
-2.45	-0.78	-6.1
1.16	-3.57	-9.15
-0.14	-0.22	-0.23
-1.51	-2.2	-6.13
0.99	-3.52	-9.04
-0.14	-0.22	-0.23
-2.59	-0.81	-6.23
1.13	-3.55	-9.22
-0.14	-0.22	-0.23
-1.62	-0.81	-6.24
1.14	-3.47	-9.41
-0.14	-0.22	-0.23
-2.78	-1.9	-5.97
1.23	-3.43	-9.22
-0.14	-0.22	-0.23
-2.01	-1.34	-6.47
1.2	-3.44	-9.24
-0.14	-0.22	-0.23
-2.03	-1.65	-5.79
1.11	-3.49	-9.3
-0.14	-0.22	-0.23
-2.72	-1.8	-5.88
1.25	-3.51	-9.43
-0.14	-0.22	-0.23
-2.18	-0.75	-6.91
1.16	-3.46	-9.23
-0.14	-0.22	-0.23
-2.14	-1.21	-5.43
1.15	-3.48	-9.25
-0.14	-0.22	-0.23
-2.44	-0.81	-5.79
1.27	-3.44	-9.3
-0.14	-0.22	-0.23
-2.13	-0.16	-5.57
1.18	-3.46	-9.29
-0.14	-0.22	-0.23
-2.77	-1.36	-5.97
1.25	-3.6	-9.41
-0.14	-0.22	-0.23
-1.83	-1.2	-6.79
1.2	-3.54	-9.35
-0.14	-0.22	-0.23
-2.63	-1.63	-5.9
1.15	-3.5	-9.15
-0.14	-0.22	-0.23
-2.17	-1.09	-6.59
1.2	-3.44	-9.41
-0.14	-0.22	-0.23
-1.94	-1.01	-6.01
1.19	-3.55	-9.33
-0.14	-0.22	-0.23
-2.53	-1.39	-6.9
1.19	-3.52	-9.38
-0.14	-0.22	-0.23
-2.32	-1.06	-5.44
1.15	-3.51	-9.23
-0.14	-0.22	-0.23
-1.91	-1.71	-5.57
1.25	-3.6	-9.14
-0.14	-0.22	-0.23
-0.07	-1.55	-5.84
1.19	-3.38	-9.05
-0.14	-0.22	-0.23
-1.8	-2.98	-6.11
1.23	-3.42	-9.35
-0.14	-0.22	-0.23
-2.49	-1.92	-6.7
1.15	-3.5	-9.12
-0.14	-0.22	-0.23
-2.32	-1.14	-5.98
1.17	-3.44	-9.23
-0.14	-0.22	-0.23
-1.32	-2.5	-6.69
1.17	-3.49	-9.2
-0.14	-0.22	-0.23
-2.56	-1.51	-6.38
1.22	-3.49	-9.31
-0.14	-0.22	-0.23
-1.89	-1.13	-5.85
1.24	-3.42	-9.35
-0.14	-0.22	-0.23
-2.21	-1.08	-6.62
1.28	-3.41	-9.48
-0.14	-0.22	-0.23
-2.07	-1.62	-5.89
1.19	-3.5	-9.29
-0.14	-0.22	-0.23
-1.41	-1.55	-5.58
1.21	-3.39	-9.28
-0.14	-0.22	-0.23
-2.35	-1.44	-5.88
1.2	-3.38	-9.44
-0.14	-0.22	-0.23
-2.9	-0.22	-5.33
1.21	-3.55	-9.31
-0.14	-0.22	-0.23
-1.64	-1.08	-6.34
1.24	-3.48	-9.33
-0.14	-0.22	-0.23
-2.44	-1.41	-5.74
1.12	-3.44	-9.23
-0.14	-0.22	-0.23
-1.56	-1.72	-5.71
1.27	-3.44	-9.46
-0.14	-0.22	-0.23
-2.71	-0.9	-6.2
1.24	-3.51	-9.41
-0.14	-0.22	-0.23
-1.74	-0.74	-6.58
1.14	-3.42	-9.27
-0.14	-0.22	-0.23
-2.11	-2.23	-5.64
1.19	-3.48	-9.28
-0.14	-0.22	-0.23
-1.49	-0.94	-6.88
1.2	-3.41	-9.31
-0.14	-0.22	-0.23
-1.55	-1.92	-5.44
1.25	-3.46	-9.29
-0.14	-0.22	-0.23
-2.06	-1.44	-6.59
1.24	-3.41	-9.31
-0.14	-0.22	-0.23
-1.52	-1.24	-5.77
1.24	-3.46	-9.37
-0.14	-0.22	-0.23
-1.94	-1.9	-6.38
1.08	-3.32	-9.33
-0.14	-0.22	-0.23
-2.83	-1.31	-5.69
1.25	-3.44	-9.26
-0.14	-0.22	-0.23
-2.07	-1.19	-5.52
1.16	-3.47	-9.33
-0.14	-0.22	-0.23
-1.44	-0.87	-6.06
1.21	-3.49	-9.27
-0.14	-0.22	-0.23
-2.32	-1.37	-5.95
1.14	-3.4	-9.28
-0.14	-0.22	-0.23
-1.4	-1.52	-6.67
1.23	-3.47	-9.24
-0.14	-0.22	-0.23
-1.94	-1.37	-6.67
1.17	-3.31	-9.22
-0.14	-0.22	-0.23
-2.29	-2.51	-5.91
1.25	-3.42	-9.35
-0.14	-0.22	-0.23
-1.61	-1.13	-5.62
1.3	-3.49	-9.12
-0.14	-0.22	-0.23
-1.12	-1.39	-5.56
1.24	-3.5	-9.32
-0.14	-0.22	-0.23
-2.79	-0.6	-5.77
1.25	-3.41	-9.24
-0.14	-0.22	-0.23
-1.67	-2.44	-6.77
1.23	-3.33	-9.04
-0.14	-0.22	-0.23
-0.68	-2.17	-6.39
1.23	-3.41	-9.26
-0.14	-0.22	-0.23
-1.99	-1.85	-6.49
1.32	-3.4	-9.4
-0.14	-0.22	-0.23
-2.01	-1.43	-6.4
1.3	-3.42	-9.35
-0.14	-0.22	-0.23
-3.08	-1.01	-5.99
1.22	-3.51	-9.42
-0.14	-0.22	-0.23
-2.62	-0.05	-6.82
1.24	-3.51	-9.27
-0.14	-0.22	-0.23
-2.58	-1.26	-5.69
1.28	-3.53	-9.29
-0.14	-0.22	-0.23
-2.27	-1.51	-6.2
1.33	-3.22	-9.25
-0.14	-0.22	-0.23
-2.54	-1.35	-6.09
1.22	-3.24	-9.15
-0.14	-0.22	-0.23
-1.92	-1.83	-6.11
1.24	-3.28	-9.32
-0.14	-0.23	-0.23
-2.73	-1.11	-5.91
1.15	-3.42	-9
-0.14	-0.22	-0.23
-2.47	-1.97	-5.4
1.21	-3.35	-9.06
-0.14	-0.22	-0.23
-0.54	-2.71	-5.22
1.24	-3.38	-9.47
-0.14	-0.22	-0.23
-2.21	0	-6.03
1.29	-3.37	-9.33
-0.14	-0.22	-0.23
-2.15	-1.8	-6.64
1.25	-3.39	-9.31
-0.14	-0.22	-0.23
-1.48	-1.85	-5.72
1.38	-3.12	-8.92
-0.14	-0.24	-0.23
-5.59	-2.18	-7.73
1.33	-3.22	-9.71
-0.14	-0.24	-0.23
1.33	-3	-9.69
-0.14	-0.23	-0.23
-2.84	-0.31	-5.62
1.15	-3.18	-9.29
-0.14	-0.23	-0.23
1.33	-3.1	-4.66
1.27	-3.14	-9.49
-0.14	-0.23	-0.23
-3.31	-1.55	-6.08
1.04	-3.13	-9.23
-0.13	-0.23	-0.23
0.82	-2.07	-6.16
1.13	-3.15	-9.45
-0.13	-0.23	-0.23
-1.06	-0.84	-5.55
1.32	-3.17	-9.59
-0.14	-0.23	-0.23
-1.65	-1.59	-6.15
1.16	-3.18	-9.4
-0.14	-0.23	-0.23
-2.57	-1.82	-5.64
1.13	-3.23	-9.38
-0.14	-0.23	-0.23
-1.5	-2.37	-5.86
1.27	-3.12	-9.6
-0.13	-0.23	-0.23
-3.19	-0.88	-6.16
1.12	-3.11	-9.42
-0.14	-0.23	-0.23
-1.13	-2.6	-6.43
1.09	-3.19	-9.51
-0.14	-0.23	-0.23
-1.37	-1.37	-4.8
1.17	-3.24	-9.45
-0.14	-0.23	-0.23
-1.29	-0.81	-6.09
1.19	-3.28	-9.36
-0.13	-0.23	-0.23
-2.16	-1.6	-6.17
1.16	-3.23	-9.56
-0.14	-0.23	-0.23
-4.42	-0.99	-5.53
1.13	-3.17	-9.37
-0.13	-0.23	-0.23
-2.72	-1.43	-5.47
1.03	-3.27	-9.25
-0.14	-0.23	-0.23
-2.12	-1.37	-5.36
1.12	-3.11	-9.15
-0.14	-0.23	-0.23
-1.3	-2.69	-4.97
1.14	-3.22	-9.32
-0.14	-0.23	-0.23
-1.92	-1.07	-5.09
1.22	-3.24	-9.5
-0.14	-0.23	-0.23
-2.46	-1.45	-5.62
1.22	-3.28	-9.49
-0.14	-0.23	-0.23
-2.37	-0.58	-6.82
1.09	-3.26	-9.14
-0.14	-0.23	-0.23
-1.53	-2.81	-5.21
1.21	-3.26	-9.3
-0.14	-0.23	-0.23
-2.21	-1.24	-6.54
1.25	-3.14	-9.57
-0.14	-0.23	-0.23
-1.51	-1.57	-5.86
1.3	-3.22	-9.57
-0.14	-0.23	-0.23
-2.05	-1.62	-5.45
1.23	-3.16	-9.38
-0.14	-0.23	-0.23
-1.88	-2.05	-6.08
1.08	-3.21	-9.4
-0.13	-0.23	-0.23
-10.88	-14.73	0.12
1.03	-2.93	-9.47
-0.13	-0.23	-0.23
-1.35	0.22	-6.55
1.05	-3.11	-9.48
-0.13	-0.23	-0.23
-2.49	-0.45	-6.72
1.13	-3.18	-9.52
-0.13	-0.23	-0.23
-2.56	-1.25	-5.82
1.02	-3.17	-9.35
-0.13	-0.23	-0.23
-2.38	-1.2	-5.84
1.13	-3.18	-9.64
-0.13	-0.23	-0.23
-0.23	-2.13	-5.63
1.09	-3.15	-9.41
-0.14	-0.23	-0.23
-1.78	-2.08	-5.64
1.09	-3.06	-9.36
-0.13	-0.23	-0.23
-0.91	-1.89	-5.99
1.22	-3.23	-9.4
-0.14	-0.23	-0.23
-2.96	-0.64	-6.58
1.17	-3.18	-9.23
-0.14	-0.23	-0.23
-2.08	-1.99	-6.09
1.17	-3.22	-9.59
-0.14	-0.23	-0.23
-1.58	-2.12	-6.13
1.16	-3.24	-9.55
-0.14	-0.23	-0.23
-2.52	-1.23	-5.99
1.24	-3.18	-9.42
-0.14	-0.23	-0.23
-1.75	-0.98	-6.16
1.14	-3.2	-9.41
-0.14	-0.23	-0.23
-2.48	-0.98	-6.56
1.06	-3.14	-9.38
-0.14	-0.23	-0.23
-3.3	-1	-6.41
1.19	-3.19	-9.33
-0.14	-0.23	-0.23
-1.59	-1.48	-4.59
1.04	-3.29	-9.66
-0.13	-0.23	-0.23
-3.19	-6.09	-2.71
-1.16	-2.71	-9.19
-0.09	-0.19	-0.24
47.92	-42.04	6.9
0.69	-2.23	-9.56
-0.12	-0.25	-0.24
9.25	-19.53	10.67
-0.44	-3.49	-9.07
-0.07	-0.23	-0.26
-20	-26.17	-34.74
-0.8	-5.52	-7.52
-0.03	-0.2	-0.26
29.74	65.91	-62.72
0.07	-4.35	-7.47
-0.05	-0.2	-0.26
-70.19	-47.1	-60.02
-1.08	-0.66	-8.99
-0.11	-0.25	-0.24
-149.93	29.51	-8.38
1.11	-1.25	1.44
-0.14	-0.5	0
60.03	202.06	-3.67
2.48	3.31	-0.01
-0.11	-1.16	-0.93
-130.94	-4.66	135.64
4.92	4.95	5.8
0.02	-1.61	-0.55
-2.76	46.68	5.14
4.03	3.6	6.78
0.27	-1.63	-0.12
-28.28	19.4	-41.7
2.87	5.53	4.55
-0.35	-1.49	-0.23
61.43	82.2	12.36
4.91	3.67	5.09
-0.24	-1.84	-0.13
-56.39	-86.06	-67.9
7.94	2.35	14.26
-0.21	-0.25	0.74
-261.13	27.42	50.51
9.13	-8.03	5.7
-0.1	-0.24	0.32
-26.44	44.21	108.87
2.89	2.46	-1.67
-0.15	-0.28	0.36
-201.02	-21.25	30.18
-1.84	-0.82	14.52
0.03	-0.27	0.4
236.67	69.05	94.93
-2.02	0.17	9.81
0.02	-0.31	0.41
-1.87	-2.77	-4.66
-2.01	0.18	9.48
0.02	-0.31	0.4
-0.88	-1.92	-5.51
-2.09	0.18	9.65
0.02	-0.31	0.41
-2.12	-1.94	-3.23
-2.04	0.21	9.47
0.02	-0.31	0.41
-1.77	-1.37	-6.29
-2.1	0.34	9.63
0.02	-0.31	0.41
-2.25	-0.97	2.36
-1.97	0.22	9.44
0.02	-0.31	0.41
-2.44	-1.59	-6.32
-2.1	0.2	9.73
0.02	-0.31	0.41
-1.81	-0.85	-5.74
-1.94	0.25	9.49
0.02	-0.31	0.41
-1.42	-2.06	-6.69
-2.05	0.21	9.63
0.02	-0.31	0.41
-1.37	-1.58	-6.18
-2	0.13	9.66
0.02	-0.31	0.41
-2.04	-1.23	-5.01
-2.01	0.36	9.53
0.02	-0.31	0.41
-2.3	-1.24	-3.64
-2.03	0.26	9.55
0.02	-0.31	0.41
-3.19	-1.77	-6.09
-1.95	0.26	9.52
0.02	-0.31	0.41
-2.14	-1.72	-6.35
-2.05	0.25	9.69
0.02	-0.31	0.4
-2.63	-1.89	-6.17
-1.86	0.27	9.55
0.02	-0.31	0.41
-1.74	-1.58	-6.2
-1.95	0.26	9.49
0.02	-0.31	0.41
-1.66	-1.35	-5.93
-2.11	0.24	9.76
0.02	-0.31	0.41
-1.86	-1.46	-5.47
-1.98	0.27	9.48
0.02	-0.31	0.41
-1.78	-1.72	-5.69
-1.95	0.24	9.52
0.02	-0.31	0.41
-1.97	-1.41	-5.85
-2.04	0.25	9.64
0.02	-0.31	0.41
-2.11	-1.55	-6.26
-1.98	0.24	9.59
0.02	-0.31	0.41
-2.07	-1.2	-5.89
-2.02	0.28	9.57
0.02	-0.31	0.4
-1.86	-1.45	-6.16
-1.96	0.27	9.54
0.02	-0.31	0.41
-1.91	-1.79	-5.83
-2.02	0.26	9.69
0.02	-0.31	0.41
-1.75	-1.5	-5.95
-1.95	0.29	9.5
0.02	-0.31	0.41
-2.52	-1.76	-5.44
-1.84	0.32	9.48
0.02	-0.31	0.41
-2.07	-1.76	-5.97
-1.97	0.29	9.58
0.02	-0.31	0.41
-1.81	-1.44	-6.07
-2.03	0.27	9.64
0.02	-0.31	0.41
-1.63	-1.34	-5.94
-1.97	0.27	9.54
0.02	-0.31	0.41
-1.54	-1.65	-6.51
-1.94	0.29	9.42
0.02	-0.31	0.41
-2.28	-1.15	-6.26
-1.97	0.29	9.59
0.02	-0.31	0.41
-2.36	-1.35	-5.93
-1.95	0.26	9.58
0.02	-0.31	0.41
-2.19	-1.33	-6.35
-2	0.26	9.54
0.02	-0.31	0.41
-2.41	-1.92	-6.76
-1.91	0.27	9.5
0.02	-0.31	0.41
-2.54	-1.85	-6.9
